70.262,16.915
70.145,16.837
70.282,16.876
70.285,16.972
69.857,17.316
69.446,17.626
69.198,17.909
69.716,17.395
70.387,16.776
70.917,16.301
70.921,16.270
70.638,16.470
70.505,16.536
69.874,16.505
69.374,16.680
69.514,16.620
69.785,16.595
70.313,16.639
70.526,16.575
70.806,16.215
71.278,15.936
71.213,16.108
71.190,16.164
70.675,16.230
70.604,16.080
70.773,15.680
71.212,15.420
71.115,15.309
71.256,15.021
71.189,15.053
71.738,14.903
72.430,14.633
72.353,14.816
71.757,15.578
71.271,15.999
71.011,16.243
71.785,15.711
72.479,15.036
72.428,15.036
71.399,15.761
71.050,16.235
71.762,15.513
71.565,15.290
70.801,15.629
69.963,15.825
69.425,15.675
69.371,15.493
69.367,14.824
69.181,14.485
68.819,14.264
68.745,13.827
67.956,13.864
67.552,13.653
67.437,13.091
67.459,12.783
67.111,12.479
67.348,12.137
67.522,11.458
67.698,11.134
68.126,10.658
68.141,10.429
68.353,10.069
68.583,9.941
68.644,9.612
68.790,9.453
68.058,9.697
67.244,9.940
66.795,10.116
66.649,10.057
66.917,10.131
66.800,10.323
66.526,10.942
66.216,11.002
66.651,10.860
67.030,10.786
67.780,10.331
67.790,9.787
68.263,9.153
68.966,8.594
69.093,8.143
68.845,8.137
68.311,7.894
68.109,7.502
67.575,7.534
67.794,7.149
67.132,7.271
66.519,7.901
65.533,8.075
65.197,8.720
64.980,8.994
64.323,9.591
63.624,10.453
63.190,11.196
63.573,11.524
64.040,11.937
64.508,12.168
64.883,11.993
65.458,11.940
65.984,11.450
66.377,11.035
66.776,10.517
67.283,10.069
67.776,9.546
68.005,9.315
67.807,9.636
67.589,8.836
67.896,8.743
66.847,9.857
66.067,10.723
64.594,11.655
63.780,11.460
64.345,10.850
65.274,9.899
65.495,9.235
65.906,8.438
66.285,7.477
66.457,6.954
66.320,6.587
65.552,6.438
65.447,5.861
65.745,4.992
66.097,4.616
66.309,4.328
66.075,4.201
66.113,4.035
65.905,3.879
65.614,3.644
66.030,3.688
66.289,3.532
66.166,3.578
65.596,3.655
65.726,3.907
66.685,3.835
67.361,4.119
66.710,4.953
66.161,5.883
64.227,6.820
64.110,7.476
64.250,7.788
63.079,8.551
61.623,9.283
60.909,9.742
60.458,9.889
60.606,9.898
61.418,8.971
62.718,7.464
63.532,6.617
64.528,5.485
64.760,5.110
64.585,4.577
64.408,3.800
64.147,3.506
64.161,3.334
64.323,3.064
64.151,3.020
63.631,2.806
63.024,2.910
62.524,3.194
62.409,3.482
62.705,3.618
62.965,4.402
61.551,5.894
60.807,6.742
60.902,7.516
61.287,7.744
62.168,7.506
63.114,7.232
62.844,7.240
63.027,7.448
62.502,7.612
62.147,7.743
62.442,7.569
62.875,7.305
63.049,7.196
62.339,7.327
60.971,7.622
60.655,7.734
60.430,8.043
60.710,7.852
60.695,7.636
60.751,7.012
60.856,7.072
60.027,7.223
59.819,7.166
60.033,7.256
60.701,6.823
61.159,7.073
62.068,7.401
61.845,8.024
61.740,9.358
61.974,9.203
62.127,9.519
62.453,9.435
63.122,9.372
63.887,9.487
64.165,9.970
64.108,10.398
64.568,10.576
64.823,10.769
65.891,10.880
67.021,10.554
68.143,10.309
69.168,10.110
69.118,9.849
69.138,10.318
69.266,10.368
69.827,10.474
70.761,10.048
71.357,9.984
72.432,9.704
72.624,9.977
73.183,9.955
73.306,9.925
73.174,10.579
72.829,10.855
72.715,11.401
73.011,11.558
73.262,11.592
73.498,11.926
73.393,12.136
73.278,12.212
73.120,12.548
72.965,12.919
72.723,13.315
72.030,13.905
71.816,13.839
71.560,13.593
71.408,13.763
71.520,13.444
71.328,13.070
71.186,12.946
71.120,12.936
71.487,12.712
71.660,12.676
72.028,12.630
71.653,12.874
71.731,13.079
71.656,13.211
71.421,13.157
71.563,13.236
71.643,13.046
72.116,12.514
72.264,12.315
72.308,12.213
72.642,11.798
72.911,11.552
72.940,11.603
72.852,11.476
73.033,11.101
72.707,11.294
73.143,10.979
73.096,10.965
73.201,10.910
73.033,10.922
72.530,11.364
72.515,11.274
72.271,11.562
72.555,11.280
72.796,11.014
73.265,10.893
73.406,10.869
73.493,10.807
73.690,10.643
73.259,10.899
72.954,10.903
72.894,10.761
72.533,10.894
72.650,10.720
72.770,10.606
72.753,10.868
72.800,10.682
73.027,10.430
73.048,10.752
72.959,11.002
73.233,10.917
73.180,10.714
73.238,10.946
73.145,10.945
73.058,10.839
73.276,10.602
72.977,10.919
72.584,11.385
72.158,11.502
72.048,11.594
72.447,11.219
72.645,11.175
72.989,11.229
72.485,11.487
72.268,11.478
72.096,11.377
72.362,11.400
72.520,11.670
72.523,11.921
72.192,12.078
72.870,11.283
73.264,11.257
73.406,11.368
73.236,11.528
72.983,11.529
72.815,11.388
72.620,11.436
72.985,11.153
72.921,11.094
72.970,11.047
73.033,11.195
72.994,11.132
72.666,11.393
72.497,11.421
72.326,11.686
72.625,11.422
72.721,11.372
73.002,11.436
72.914,11.568
73.050,11.373
73.136,11.412
73.056,11.568
73.198,11.327
73.017,11.422
72.702,11.726
72.672,11.633
72.534,11.509
72.602,11.592
72.876,11.677
72.647,11.558
72.767,11.273
72.397,11.690
72.451,11.739
72.532,11.699
72.514,11.467
72.461,11.506
72.761,11.944
72.943,11.436
73.128,11.221
73.052,11.403
72.951,11.614
72.960,11.650
72.820,11.415
73.097,11.326
73.295,11.016
73.248,11.047
72.844,11.443
72.522,11.446
72.150,11.647
72.161,11.744
72.571,11.547
72.878,11.406
73.280,11.198
73.419,11.045
73.257,11.230
73.138,11.455
73.116,11.443
73.336,11.318
73.325,11.212
73.700,11.067
73.799,11.112
73.663,11.220
73.327,11.311
72.860,11.804
72.988,11.688
73.033,11.797
73.185,11.803
73.716,11.380
73.662,11.248
73.702,11.418
73.532,11.825
73.467,11.608
73.735,11.575
73.781,11.934
74.356,11.321
74.230,11.286
74.350,11.394
74.250,11.517
73.971,11.656
73.941,11.608
74.099,11.897
74.416,11.666
74.568,11.467
74.314,11.709
74.030,11.973
73.845,11.998
74.346,11.622
74.245,11.824
74.606,11.718
74.445,11.850
74.158,12.062
74.400,11.791
74.667,11.449
74.612,11.760
74.857,11.579
74.718,11.560
74.699,11.362
74.233,11.971
74.083,11.791
74.363,11.698
74.466,11.625
74.564,11.647
74.315,11.532
74.417,11.839
74.491,11.701
74.688,11.317
74.745,11.449
74.906,11.139
74.712,11.073
74.579,11.261
74.503,11.274
74.455,11.389
74.870,11.232
74.522,11.457
74.507,11.692
74.623,11.876
74.432,11.871
74.363,11.861
74.196,11.992
74.190,11.920
74.142,11.600
74.293,11.654
74.113,11.620
74.196,11.443
74.329,11.417
74.399,11.289
74.702,11.106
74.771,11.005
74.698,11.056
74.543,11.164
74.571,11.199
74.723,10.917
74.972,10.703
75.032,10.509
74.456,10.993
74.162,11.154
74.023,11.429
74.155,11.159
74.672,10.911
74.674,10.922
74.742,10.848
74.640,10.987
74.172,10.967
74.031,11.218
74.162,11.044
74.653,10.855
74.695,11.045
74.291,11.134
74.417,11.224
74.346,11.315
74.405,11.407
74.658,11.003
75.037,10.712
75.234,10.521
75.130,10.510
75.146,10.332
75.006,10.188
75.003,10.291
74.955,10.339
74.915,10.352
74.911,10.439
74.598,10.559
74.628,10.497
74.534,10.992
74.583,11.094
74.626,11.091
74.428,11.268
74.420,11.301
74.098,11.565
74.194,11.565
73.989,11.787
74.099,11.671
74.304,11.422
74.731,11.047
74.873,10.894
74.933,10.812
75.129,10.566
74.745,10.722
74.918,10.602
75.005,10.500
74.695,10.216
75.117,9.700
74.977,10.137
75.196,9.761
74.668,9.716
74.128,10.243
73.868,10.420
74.278,10.433
74.669,10.494
74.429,11.363
73.837,12.033
74.223,12.082
74.129,12.107
74.077,12.097
74.056,12.264
74.860,11.403
73.942,12.088
74.311,11.549
73.821,11.878
73.244,12.172
73.082,12.216
72.775,12.156
73.291,11.951
73.510,11.923
73.930,11.782
74.313,11.595
73.904,12.000
73.778,11.940
73.842,11.948
73.623,11.886
72.595,12.029
71.866,12.192
70.905,12.477
70.912,12.340
71.434,11.669
71.722,11.409
72.132,11.271
72.595,11.246
72.902,11.165
72.744,11.598
72.797,11.562
73.005,11.576
73.407,11.355
73.572,11.226
73.507,11.244
73.437,11.223
73.318,11.205
73.328,11.299
73.084,11.395
72.729,11.583
72.821,11.434
73.060,11.398
73.343,11.173
73.214,11.475
73.159,11.794
72.803,12.136

72.729,12.242
72.766,12.448
72.917,12.236
73.450,11.136
73.498,10.102
73.980,7.861
74.876,6.580
75.301,5.963
74.995,5.565
74.381,7.124
73.299,8.576
72.018,10.531
70.882,13.164
70.474,15.179
70.164,16.661
70.082,17.881
70.162,18.359
69.899,19.045
69.116,20.323
68.356,21.135
66.531,22.730
65.908,23.250
66.420,22.687
67.519,21.519
68.574,20.456
70.488,18.541
71.586,17.139
72.380,15.019
72.455,13.776
73.154,11.839
74.039,9.515
74.160,6.307
72.765,2.972
72.299,0.666
72.287,-1.571
73.879,-2.640
76.487,-1.036
81.234,2.017
77.485,12.165
71.999,17.945
65.734,23.278
62.397,26.175
56.351,29.429
54.463,30.111
52.183,30.129
50.940,29.916
51.898,28.210
52.734,26.724
53.407,25.842
52.297,27.173
53.192,27.740
54.462,27.793
57.630,26.819
59.683,26.655
62.790,25.223
64.830,24.336
66.452,23.356
68.759,21.229
70.127,19.479
71.188,17.765
68.908,18.683
64.734,20.372
58.648,13.419
58.098,3.186
53.947,7.171
50.063,8.385
45.688,8.247
46.261,5.310
49.494,6.429
50.024,5.133
47.398,4.470
43.727,3.141
45.244,6.457
44.798,7.269
42.730,8.495
41.450,11.200
40.365,16.585
43.047,18.220
48.442,17.563
51.160,21.814
46.471,23.386
27.130,29.209
18.218,38.636
13.097,37.477
11.806,46.766
9.215,49.248
6.559,53.252
9.120,53.773
12.916,55.940
14.423,59.620
15.668,60.383
18.032,58.550
18.608,57.033
20.574,54.577
22.743,50.469
24.707,45.675
29.773,37.317
33.338,26.493
35.390,17.683
43.632,9.920
46.830,-0.264
50.373,-6.098
52.586,-11.167
55.078,-8.260
52.811,3.583
40.507,21.577
27.980,34.239
21.258,41.016
14.649,46.160
11.781,47.375
10.142,49.972
15.776,47.080
24.536,43.688
29.755,39.030
35.822,32.955
43.263,27.509
51.931,22.472
56.581,17.297
65.067,11.823
73.594,4.478
84.618,1.065
86.200,-2.234
82.867,-2.729
88.487,1.181
64.219,19.091
49.229,35.159
39.686,46.774
29.277,56.122
25.312,55.583
21.792,55.882
21.665,53.557
24.491,49.061
25.971,46.606
28.041,42.364
29.567,39.058
32.174,30.922
36.531,27.376
41.845,21.603
48.832,11.485
54.676,10.808
52.501,22.653
45.134,32.409
35.070,42.756
26.314,51.227
19.826,55.416
16.995,58.688
17.368,60.216
22.315,56.810
25.629,54.986
28.627,51.423
31.614,46.189
32.630,43.434
34.069,39.395
38.238,31.631
43.343,26.900
45.291,29.356
37.476,35.466
30.557,46.278
24.348,53.647
19.581,58.165
20.649,59.106
21.698,59.006
25.374,55.530
29.513,49.657
35.758,39.187
36.699,32.543
36.483,28.764
37.828,26.325
39.545,22.381
38.510,23.523
34.675,29.979
31.419,37.931
29.812,41.796
25.298,46.888
19.890,51.990
19.246,54.468
22.824,51.130
28.075,47.530
30.789,44.882
35.270,37.129
38.286,29.006
41.843,22.637
43.556,23.097
50.946,22.611
52.691,26.718
48.774,31.588
45.058,35.086
42.306,40.577
35.945,45.198
31.767,50.730
25.479,56.054
24.334,57.937
25.083,58.317
28.750,54.490
31.979,49.663
36.447,42.087
40.544,37.475
43.119,32.028
44.325,27.085
50.293,24.831
56.628,24.594
54.027,29.661
49.132,35.619
42.813,39.916
36.793,45.816
36.279,45.312
35.813,46.564
34.050,48.497
30.918,52.974
27.937,55.868
28.501,54.902
30.374,54.913
32.710,52.463
37.485,46.480
44.545,37.604
56.970,27.587
66.380,21.100
62.365,27.073
53.220,32.214
46.560,38.554
44.442,41.023
37.151,47.687
31.110,52.315
30.498,53.595
30.786,52.840
33.651,50.478
44.720,40.433
48.504,33.966
57.940,24.805
60.497,22.820
61.812,24.118
57.292,27.103
51.105,28.840
45.842,33.913
42.429,39.771
38.888,44.103
36.934,47.015
36.685,49.912
34.436,52.343
34.016,51.465
34.117,50.640
36.424,48.703
38.624,44.374
44.197,34.731
52.631,21.686
64.931,11.801
69.203,17.233
62.818,23.137
52.782,29.548
46.889,32.376
46.057,36.145
45.294,41.602
44.470,44.276
39.594,49.302
34.658,54.587
31.669,57.384
33.223,55.540
36.908,52.019
39.954,49.528
42.616,46.173
46.926,41.593
50.007,36.557
51.093,31.699
52.584,26.674
54.811,29.702
51.729,34.260
41.010,40.537
41.127,45.069
40.862,47.338
37.595,50.745
31.136,55.637
30.801,56.444
32.409,55.227
35.283,52.381
38.647,49.571
46.767,39.865
51.494,32.573
57.487,26.343
59.699,25.020
57.850,27.501
53.149,29.699
49.087,34.389
49.596,36.230
48.368,38.511
43.188,44.919
37.357,51.137
34.507,53.706
31.074,57.476
31.015,57.996
31.545,57.118
32.663,55.829
34.156,54.486
36.819,52.303
40.467,48.738
44.533,44.337
48.767,38.966
51.943,31.526
55.946,26.495
62.201,25.913
61.208,28.458
55.028,34.652
48.991,40.351
43.603,46.122
37.124,52.035
34.198,
54.886
32.994,56.213
34.720,54.943
36.571,53.107
37.341,52.419
38.610,51.133
41.629,48.026
43.923,45.373
45.969,42.491
48.294,38.523
50.372,34.387
52.902,32.552
53.563,33.889
50.337,37.001
46.901,41.279
43.800,45.654
42.559,47.274
39.574,50.308
38.189,51.810
36.847,53.019
38.574,51.158
39.044,50.633
40.807,48.895
40.837,48.894
41.151,48.341
41.816,47.428
42.379,46.791
43.282,45.949
43.514,45.492
44.152,44.830
45.613,43.609
46.071,43.461
48.435,41.382
48.961,40.966
48.959,41.002
47.648,42.345
47.083,42.917
46.061,43.790
41.971,47.396
38.382,50.380
38.628,49.848
38.057,50.285
38.709,49.186
43.482,43.871
37.696,48.296
39.821,47.718
41.783,44.636
43.393,42.655
44.229,41.737
44.800,40.475
45.845,39.217
46.792,38.257
47.178,38.211
46.760,38.470
45.477,40.249
44.392,41.360
44.557,42.463
44.414,43.088
42.226,45.456
41.144,47.164
40.792,47.776
40.152,48.260
39.563,48.900
39.982,48.705
41.076,47.811
41.346,47.692
41.103,47.985
41.688,47.396
41.651,47.430
42.242,46.709
42.447,46.254
42.769,45.969
43.446,45.357
43.769,45.200
43.556,45.433
44.278,44.677
43.166,45.818
41.813,47.088
41.671,47.198
42.605,46.280
41.609,47.423
41.311,47.648
41.769,47.084
41.205,47.583
40.587,48.022
40.063,48.373
40.257,48.217
35.677,51.323
39.655,48.962
40.538,48.773
41.877,43.651
40.373,48.022
41.249,45.842
40.093,45.124
39.124,46.516
39.442,45.597
39.190,46.215
39.025,47.660
39.218,47.002
38.371,47.432
36.824,49.822
35.840,51.227
35.392,51.031
33.705,52.324
30.358,55.949
24.772,62.672
20.683,68.219
19.208,67.677
15.420,69.342
10.506,72.741
4.325,75.203
-2.159,70.786
-3.926,66.365
-5.548,60.665
-7.000,55.548
-6.750,55.684
-8.177,53.204
-7.201,49.766
-7.243,49.153
-6.233,48.928
-7.687,49.592
-10.225,49.300
-11.848,46.071
-13.684,40.599
-16.172,35.947
-16.283,31.220
-15.514,29.564
-15.284,30.542
-15.012,34.969
-14.454,37.230
-15.241,38.885
-14.461,39.530
-14.471,38.909
-14.873,37.165
-15.065,34.563
-16.556,33.453
-18.081,30.525
-18.939,30.903
-20.432,29.881
-21.883,30.409
-23.000,31.167
-23.494,30.670
-23.760,30.894
-24.583,31.597
-25.452,31.901
-26.144,31.473
-28.025,31.525
-28.300,31.901
-28.030,32.256
-29.171,33.831
-29.639,34.958
-28.578,37.850
-27.932,40.473
-27.732,40.938
-28.361,41.809
-28.849,41.727
-29.199,41.607
-29.782,41.046
-30.280,40.114
-30.848,40.010
-31.375,39.275
-32.577,40.063
-33.712,39.309
-36.388,39.629
-35.873,39.303
-34.037,40.664
-32.994,40.687
-31.949,40.863
-31.521,40.913
-30.932,41.189
-27.657,35.611
-23.832,30.100
-21.783,32.562
-23.386,38.448
-25.194,42.155
-28.919,47.822
-30.862,48.971
-33.234,49.423
-32.556,52.565
-27.302,54.841
-22.462,56.261
-27.501,58.727
-25.923,59.120
-22.526,67.474
-19.636,67.584
-36.430,49.213
-32.943,56.619
-31.676,58.213
-23.623,65.228
-23.591,66.364
-23.306,63.480
-30.492,58.244
-29.337,58.643
-32.055,56.417
-33.538,54.546
-33.651,54.187
-33.679,54.031
-33.768,53.761
-33.239,53.207
-33.030,53.376
-32.468,53.611
-32.306,53.174
-32.183,52.639
-32.106,51.951
-31.882,53.640
-31.337,55.191
-32.723,54.572
-34.045,53.304
-36.127,52.595
-35.917,53.667
-35.704,54.276
-33.982,56.015
-34.547,55.410
-35.606,54.202
-35.724,53.963
-34.797,55.062
-35.763,54.132
-37.162,52.762
-37.354,52.433
-37.107,52.741
-36.874,52.950
-37.097,52.674
-37.936,51.736
-37.824,51.833
-37.791,51.901
-37.697,52.077
-37.726,52.116
-37.748,52.036
-37.491,52.216
-37.231,52.517
-37.231,52.567
-37.686,52.159
-37.865,51.933
-38.090,51.768
-38.090,51.768
-38.058,51.871
-37.904,52.015
-37.868,52.126
-38.101,51.898
-38.311,51.689
-38.284,51.715
-38.414,51.581
-37.907,52.093
-38.399,51.600
-38.336,51.654
-37.960,52.035
-37.766,52.234
Disconnected from central: 66:ea:fb:57:0a:af
Connected to central: 66:ea:fb:57:0a:af

get value :

start !!
-61.079,11.658
-61.671,11.062
-61.834,11.246
-61.576,11.371
-61.482,12.559
-60.893,11.926
-61.665,12.104
-62.655,11.695
-63.582,11.397
-66.350,8.931
-69.533,7.888
-66.028,10.420
-62.744,13.715
-57.164,13.183
-53.348,12.689
-47.644,13.712
-41.963,14.256
-36.199,16.117
-33.592,18.004
-31.764,18.145
-30.745,18.332
-29.652,19.803
-30.765,19.270
-31.927,18.443
-33.361,17.494
-34.388,16.550
-34.849,15.024
-36.245,13.493
-37.422,10.788
-38.832,8.824
-39.719,5.448
-39.327,4.388
-40.232,3.444
-38.979,3.033
-41.866,0.831
-37.458,0.525
-33.464,1.273
-37.358,4.877
-43.692,8.988
-37.515,11.904
-49.086,24.805
-35.644,53.873
-0.492,66.070
16.074,33.283
14.949,24.803
12.514,17.317
15.165,16.219
25.203,12.138
22.860,15.926
11.605,19.396
-6.397,29.440
-10.575,36.209
3.739,56.746
-2.734,26.700
-7.624,22.664
-5.587,10.344
-9.653,0.106
-20.023,10.661
-29.811,13.514
-31.132,12.510
-41.482,-5.626
-32.415,1.492
-36.989,8.308
-39.425,1.895
-40.272,-18.878
-49.521,-15.413
-59.427,-3.076
-59.995,-2.836
-56.085,2.677
-42.197,2.934
-41.849,2.363
-25.458,8.429
-43.412,-4.450
-26.858,-8.826
-23.530,-18.890
-44.891,-7.041
-49.641,-4.364
-36.046,-8.592
-35.411,-11.611
-33.175,-7.378
-32.535,-4.239
-33.148,-1.834
-38.648,-3.517
-45.804,-4.884
-46.146,-4.423
-46.253,-3.887
-44.326,-4.536
-43.830,-3.542
-45.600,-4.913
-47.425,-7.825
-43.185,-8.474
-39.535,-5.112
-36.150,-2.919
-39.616,2.425
-36.782,5.002
-29.164,9.645
-25.897,13.912
-21.578,25.418
-14.767,56.056
-2.096,78.784
2.143,63.036
9.323,45.169
9.489,37.031
13.995,32.858
15.308,24.305
24.286,15.974
18.291,21.254
26.563,25.214
36.773,23.462
45.677,19.756
46.856,19.050
54.475,21.451
40.512,28.393
32.338,38.819
18.036,47.945
12.149,69.664
-5.892,82.026
-37.410,50.765
-53.514,30.349
-63.966,16.247
-65.576,14.629
-63.183,13.010
-64.547,11.519
-42.010,4.451
-46.242,9.053
-48.234,-8.046
-51.529,-8.926
-53.957,-6.652
-47.276,-5.817
-51.786,-7.086
-44.972,0.039
-36.520,1.251
-31.889,4.628
-33.270,0.930
-31.124,-1.909
-26.130,-11.718
-26.325,-20.773
-34.186,-17.142
-38.286,-9.170
-35.638,-2.219
-25.742,2.505
-32.892,2.842
-36.544,0.086
-39.647,1.486
-43.664,-0.524
-46.139,-3.021
-46.036,-3.236
-47.438,-3.678
-44.300,-3.344
-45.202,-2.657
-41.622,-0.342
-41.060,-0.586
-38.862,0.045
-40.028,2.248
-27.954,6.000
-22.039,7.331
-18.049,6.325
-9.119,11.730
-11.654,17.830
-17.176,33.366
7.012,49.104
25.833,62.754
28.019,44.205
8.539,22.955
14.815,31.004
8.713,29.636
13.886,32.282
21.355,21.095
18.498,15.945
11.179,24.431
33.780,25.990
46.467,27.010
54.307,20.349
57.856,19.866
51.728,24.185
49.333,33.862
51.600,35.649
56.720,28.422
52.174,25.927
48.776,29.169
32.630,55.478
22.936,66.671
29.838,56.571
29.371,42.238
-23.576,36.605
-30.104,19.991
-27.075,10.602
-41.821,-3.135
-50.745,-3.096
-46.201,-0.690
-48.154,2.491
-54.886,0.383
-58.875,0.399
-54.299,5.656
-51.714,0.184
-47.394,-2.350
-44.188,2.532
-20.675,13.058
-25.350,8.904
-20.458,12.884
-21.621,14.705
-29.280,13.653
-26.103,12.876
-22.941,11.590
-23.984,12.228
-27.360,10.266
-31.608,10.741
-35.642,9.333
-36.193,7.872
-38.202,7.754
-40.194,5.905
-42.243,5.846
-43.188,2.776
-42.129,0.591
-41.362,-2.502
-42.300,-3.406
-39.603,-5.282
-40.148,-6.008
-44.594,-5.663
-48.373,-4.335
-61.773,1.421
-83.800,5.171
-64.505,8.562
-31.811,7.619
-17.643,11.757
14.663,29.026
4.422,21.256
17.214,28.121
17.960,20.515
26.562,13.497
27.428,20.108
37.317,12.818
45.727,9.539
47.690,12.155
43.860,19.901
41.270,31.093
40.606,42.400
42.279,47.331
33.374,55.227
17.413,58.009
-6.289,38.333
-8.836,29.818
-9.678,22.014
-8.129,8.531
-35.140,-13.807
-33.786,4.972
-31.063,7.851
-27.998,2.231
-43.032,-18.630
-55.505,-14.562
-63.730,-4.930
-60.208,-3.972
-64.911,-4.274
-67.272,-6.206
-66.423,-3.351
-51.070,-1.459
-39.581,0.621
-41.235,1.828
-20.394,14.627
-39.177,-7.069
-8.517,-17.395
-25.054,-22.504
-41.020,-19.222
-50.069,-10.730
-51.876,-2.938
-48.179,-6.547
-43.334,-11.571
-43.919,-15.638
-28.952,-17.843
-34.003,-7.139
-35.343,-3.061
-35.260,1.935
-40.938,1.429
-42.311,0.769
-42.517,-0.146
-40.461,-4.069
-40.358,-4.386
-42.376,-7.350
-40.209,-6.786
-36.132,-6.084
-40.461,-6.269
-39.179,-9.889
-33.282,-11.734
-35.058,-7.209
-29.475,1.900
-36.646,8.983
-32.189,18.817
-2.820,22.821
11.052,48.229
4.134,84.751
-0.399,42.460
19.915,16.573
20.610,24.375
18.408,23.089
21.099,17.330
22.333,10.643
20.235,17.189
31.986,18.885
42.357,12.275
51.512,7.408
55.160,3.684
52.684,5.866
50.846,6.634
49.879,11.596
51.017,21.085
52.070,31.116
42.841,42.325
30.214,52.242
15.989,53.180
1.585,37.109
-1.727,29.556
-5.624,24.337
-16.312,20.464
-22.899,11.318
-28.422,13.851
-42.149,1.685
-43.197,-10.345
-46.680,0.684
-47.559,-1.595
-56.016,-7.875
-55.694,-8.217
-51.583,-1.950
-47.695,3.876
-44.319,2.589
-37.996,0.568
-34.694,-0.341
-33.788,-0.696
-36.441,-6.859
-45.191,-8.075
-46.678,-0.014
-45.830,1.881
-46.497,2.776
-45.113,3.279
-40.863,-0.920
-40.123,-2.659
-25.089,-3.777
-39.024,3.998
-41.189,3.615
-32.824,2.185
-42.908,1.454
-44.856,-0.819
-42.993,-2.853
-42.075,-3.912
-40.759,-4.784
-39.289,-4.383
-41.667,-3.808
-36.737,-3.663
-34.122,-3.621
-31.284,-3.568
-33.042,-4.397
-29.931,-2.946
-32.503,0.814
-36.750,1.679
-48.429,-2.422
-84.820,-4.976
-39.157,8.227
-12.924,3.407
-16.407,6.789
-0.560,18.670
0.461,13.281
8.237,14.221
11.385,18.526
17.196,17.943
20.750,16.757
23.713,14.876
28.012,13.266
31.742,11.891
39.154,11.543
48.167,14.314
50.476,16.197
54.525,20.869
56.909,23.889
60.461,22.133
63.877,23.868
60.808,29.078
46.130,39.793
32.213,46.606
23.223,46.397
8.442,34.320
-0.899,45.099
-9.117,30.394
-14.653,28.315
-23.244,13.185
-18.362,9.977
-33.592,12.523
-28.457,12.581
-31.398,2.840
-44.578,-8.203
-51.135,-1.425
-47.913,4.013
-53.022,1.590
-57.196,-1.323
-58.821,-7.331
-58.749,-8.126
-50.344,-0.734
-50.191,-0.902
-33.995,-1.579
-36.737,-12.465
-29.459,-10.987
-29.753,-23.318
-36.183,-25.600
-43.545,-18.453
-41.824,-14.572
-41.330,-11.656
-40.789,-10.909
-40.756,-11.009
-38.201,-12.543
-32.846,-13.658
-36.718,-8.072
-39.519,-5.700
-36.515,-4.280
-38.113,-0.918
-39.754,-1.316
-40.612,-2.215
-38.666,-4.392
-39.547,-5.055
-41.374,-7.590
-43.240,-8.324
-39.173,-10.012
-37.627,-7.974
-35.160,-1.109
-34.096,1.459
-34.096,0.406
-43.454,0.823
-62.500,0.520
-46.137,-5.912
-71.523,4.246
-80.430,-8.515
-26.354,21.620
-7.080,10.110
3.694,6.566
18.881,19.080
19.548,21.529
20.852,20.579
22.654,15.604
26.198,12.123
28.921,16.080
34.814,12.141
43.559,10.136
44.169,8.362
45.788,7.735
46.977,7.572
48.881,9.218
40.462,14.433
44.197,23.434
37.623,46.462
-24.110,38.712
-55.051,15.774
-32.676,4.559
-46.752,6.600
-32.058,6.693
-32.921,9.848
-31.737,1.452
-35.569,-9.474
-47.267,-5.081
-40.550,1.403
-42.804,-0.013
-43.165,-7.579
-46.049,-10.358
-46.598,-10.990
-47.209,-7.366
-50.351,-4.538
-43.456,-5.445
-40.108,-8.345
-31.789,-9.950
-44.052,-7.910
-45.156,-4.477
-44.187,-2.504
-40.829,-5.490
-44.193,-5.212
-47.870,-4.217
-45.530,-5.065
-38.097,-7.119
-30.810,-8.139
-36.258,-1.202
-32.395,-1.729
-35.796,0.051
-38.272,-1.340
-37.407,-2.300
-37.343,-3.347
-36.692,-4.801
-36.145,-8.043
-35.993,-10.019
-32.386,-10.162
-31.837,-11.434
-30.814,-10.854
-25.933,-8.763
-26.080,-8.091
-22.522,-8.617
-26.558,-7.594
-40.143,-8.532
-23.960,-5.792
-12.541,2.489
-37.053,39.128
32.210,53.336
25.146,48.174
16.144,24.367
33.481,39.368
18.806,32.186
21.947,30.105
21.948,26.581
24.236,23.180
29.402,14.928
20.175,19.576
29.968,25.305
42.704,16.300
45.350,16.434
43.835,18.851
39.213,22.730
34.348,26.796
31.822,30.881
30.843,33.591
34.528,35.630
45.116,39.707
37.308,47.895
32.400,44.110
31.520,34.431
30.577,31.165
-0.816,30.288
-16.997,13.516
-27.763,16.882
-30.207,18.269
-29.571,12.644
-40.086,6.684
-44.760,5.548
-48.077,6.894
-50.648,4.310
-51.898,-1.207
-53.697,-6.268
-54.302,-6.313
-51.163,-6.642
-51.282,-7.698
-37.726,-3.542
-20.546,2.175
-35.482,-10.913
-27.363,-7.392
-27.752,-10.392
-32.831,-14.318
-41.652,-8.734
-40.837,-8.915
-40.161,-5.838
-38.208,-2.933
-38.120,-4.526
-35.608,-4.138
-35.462,-1.477
-33.232,1.127
-37.199,-0.384
-40.045,-1.700
-40.180,-1.628
-39.677,-0.907
-38.665,-1.260
-36.281,-1.179
-35.618,-2.844
-38.152,-1.777
-34.946,-1.096
-22.270,-1.948
-22.143,3.035
-21.474,8.582
-20.466,12.422
-9.180,5.604
-4.080,-1.472
5.209,4.005
13.643,12.506
67.773,21.825
13.059,23.673
12.147,5.756
30.482,14.154
20.177,15.346
23.453,13.865
24.950,13.913
27.091,11.777
28.279,9.619
30.705,8.309
32.094,8.160
34.709,6.573
37.444,6.841
40.628,5.719
45.438,7.598
53.349,7.818
58.354,10.922
65.267,12.562
69.311,17.347
62.991,26.407
49.176,30.813
19.100,35.221
2.747,28.799
-12.968,31.476
-22.542,20.414
-25.641,17.653
-27.629,15.177
-27.355,11.825
-32.262,5.233
-43.247,-1.115
-41.456,-0.909
-46.329,-0.623
-49.157,-6.443
-51.743,-10.306
-56.423,-8.130
-55.960,-2.971
-49.113,-2.368
-44.402,-0.013
-28.635,4.503
-34.725,2.667
-31.518,1.070
-25.160,-0.331
-32.248,-14.892
-37.309,-10.344
-43.549,-1.291
-43.189,3.154
-43.647,7.271
-44.732,7.363
-43.524,4.542
-44.760,1.589
-37.067,1.811
-22.326,0.026
-34.824,6.376
-37.850,2.217
-39.365,3.529
-40.742,0.736
-39.901,1.021
-36.617,0.714
-33.138,4.766
-33.524,7.395
-38.719,4.991
-40.531,3.161
-34.759,-0.398
-31.183,-1.283
-31.546,-2.115
-26.424,-2.747
-23.665,-2.222
-22.209,-7.387
-17.221,-11.788
-7.622,-13.136
-7.447,-4.646
12.653,-13.893
49.466,-16.830
67.067,6.280
52.088,1.421
43.621,9.387
45.207,10.404
38.411,15.788
33.755,16.320
30.837,17.711
30.532,18.521
30.859,18.278
32.777,13.761
36.017,13.040
38.963,10.743
41.711,9.412
45.180,10.135
49.431,11.205
54.808,13.484
58.733,14.817
51.873,20.556
65.814,23.014
32.781,20.782
6.625,17.690
-6.437,5.903
-10.749,4.797
-16.242,5.676
-20.690,-4.069
-27.811,-5.418
-27.928,4.074
-32.952,5.331
-35.847,-3.521
-39.808,-11.814
-42.280,-6.495
-41.113,-0.188
-40.096,-1.701
-37.706,-4.168
-20.321,7.002
-23.462,7.874
-24.511,5.917
-26.928,-2.324
-17.320,-9.231
-15.126,-7.333
-19.435,-4.993
-19.710,-3.767
-20.662,-1.800
-23.119,-2.035
-20.149,2.210
-24.438,0.718
-28.531,0.960
-29.378,-0.166
-29.097,0.703
-29.482,0.676
-29.953,0.870
-31.705,0.015
-32.007,-0.870
-28.999,-2.797
-28.884,-2.605
-27.675,-3.376
-25.444,-1.509
-25.332,1.332
-20.530,0.771
-23.664,4.453
-3.385,-1.289
73.804,7.293
57.923,15.911
41.093,26.345
42.065,25.691
38.255,16.468
41.186,20.581
44.063,23.255
43.622,26.431
43.712,27.987
48.430,30.125
45.512,24.025
45.793,22.156
45.620,19.863
46.173,20.673
45.941,20.693
47.449,20.824
49.490,19.131
50.316,16.728
50.370,15.882
49.019,15.568
46.324,15.588
42.025,18.334
37.232,19.691
39.734,17.933
45.213,30.942
54.614,27.210
49.716,20.875
6.073,32.213
-10.542,24.397
-33.148,-11.158
-24.579,4.764
-25.441,14.169
-27.681,9.015
-39.256,0.052
-44.333,-8.269
-42.164,-3.215
-44.957,1.603
-49.163,-3.641
-55.576,-10.218
-52.206,-9.178
-46.619,-0.620
-43.702,5.151
-34.354,5.293
-29.326,7.335
-24.115,6.371
-27.218,0.342
-21.447,-2.162
-47.171,-14.325
-41.671,-14.302
-41.548,-3.983
-39.271,4.573
-40.975,5.677
-39.651,5.869
-38.100,4.053
-35.949,-5.334
-21.155,-6.835
-30.048,7.563
-35.167,6.144
-29.275,6.772
-34.960,7.243
-36.992,6.729
-38.762,3.533
-37.702,2.833
-37.220,0.248
-37.199,-0.101
-36.896,1.550
-39.504,-0.969
-38.264,-3.213
-37.397,-4.245
-39.584,-3.056
-30.987,-0.677
-29.551,-1.273
-37.321,-0.215
-36.065,1.123
-34.279,2.094
-3.981,-2.575
51.840,26.386
60.820,28.862
57.883,19.680
64.214,14.708
55.985,13.178
50.664,11.300
47.034,7.646
47.741,7.704
45.206,8.333
45.765,12.201
41.976,11.619
43.664,10.164
42.438,8.778
42.115,7.300
42.403,6.355
43.662,7.006
46.862,7.365
48.750,5.509
51.080,4.520
50.930,3.737
51.440,4.263
51.279,4.583
51.045,7.824
52.699,11.922
48.206,15.704
37.456,35.732
9.530,68.272
-29.612,59.226
-14.901,27.974
-10.838,23.543
-10.256,27.875
-20.050,21.141
-37.063,11.125
-38.939,3.750
-40.790,8.191
-46.612,7.965
-51.618,3.530
-60.552,-2.968
-61.027,-1.957
-60.816,5.338
-56.319,7.480
-37.199,6.302
-20.477,9.515
-7.305,18.743
-37.637,-2.624
-56.159,-19.429
-31.728,-20.965
-28.862,-12.859
-34.128,-5.054
-33.703,2.339
-23.611,-4.425
-31.966,-2.301
-33.555,2.936
-31.998,5.624
-32.818,5.809
-35.415,3.206
-36.500,2.888
-37.850,1.982
-39.011,2.278
-36.785,-0.505
-37.103,-1.424
-36.824,-3.259
-34.697,-3.504
-32.493,-3.891
-29.565,-2.490
-29.581,-2.747
-28.505,-3.081
-21.043,-0.385
-19.902,5.058
-19.551,12.408
-27.280,18.338
38.990,30.067
44.697,14.281
34.824,17.301
35.117,16.774
30.402,18.945
18.247,11.255
47.822,13.052
23.488,3.805
31.707,3.713
34.161,4.361
37.859,5.198
37.236,5.336
39.132,5.141
43.275,5.319
59.114,7.293
74.985,9.377
79.259,9.115
79.119,10.881
76.159,11.937
62.619,16.226
54.294,14.409
41.264,14.285
45.201,12.298
50.167,6.849
59.436,6.759
46.300,8.734
14.921,14.068
3.862,15.756
-0.380,9.362
-21.311,2.943
-37.352,-3.919
-38.732,-0.615
-44.037,-0.757
-48.570,-5.271
-54.654,-2.045
-46.315,1.515
-51.806,4.954
-54.673,5.326
-54.772,5.732
-45.416,6.510
-41.100,4.910
-32.723,0.956
-15.288,8.760
-35.391,-5.554
-26.901,-6.007
-41.093,-9.900
-47.443,-2.753
-44.502,-4.120
-43.751,-1.235
-42.230,-2.201
-40.039,-4.708
-32.033,-10.083
-33.691,-5.929
-35.552,-5.050
-35.197,1.145
-40.752,-1.522
-41.095,-0.804
-40.324,-0.089
-38.561,-0.124
-37.312,-0.888
-34.501,-2.838
-34.676,-3.119
-33.714,-2.101
-28.838,-2.546
-23.339,-2.416
-24.518,-3.145
-19.118,-1.771
-13.898,-1.606
-7.157,1.326
-2.840,-1.106
-5.044,1.195
-0.232,1.394
11.216,-2.683
13.103,-2.224
21.220,0.625
36.669,9.462
75.352,13.256
49.972,10.328
47.508,7.102
51.886,13.077
44.170,16.769
38.368,20.305
36.687,20.614
37.252,19.766
38.464,17.590
40.604,14.834
45.800,11.436
49.744,7.514
54.493,5.001
55.181,3.251
61.616,5.203
58.765,9.254
73.514,10.915
63.520,9.241
70.346,10.363
69.664,19.565
32.550,23.460
7.869,31.043
4.292,24.683
1.639,8.221
-2.337,6.980
-11.656,9.673
-16.990,9.414
-18.966,-1.401
-20.322,-10.825
-25.359,0.601
-30.506,6.043
-30.901,-4.288
-31.098,-13.893
-34.247,-14.171
-37.343,-9.530
-40.731,-8.217
-43.967,-9.094
-42.354,-7.652
-34.380,-0.736
-46.783,1.442
-37.160,0.014
-29.292,4.344
-28.148,4.327
-31.382,3.032
-33.489,5.621
-29.936,3.913
-35.113,4.008
-30.105,3.469
-20.493,2.544
-28.897,6.117
-31.729,3.263
-25.974,8.919
-33.348,3.892
-32.633,2.819
-32.515,2.252
-29.940,2.049
-29.723,0.053
-32.610,-1.170
-31.045,-4.502
-30.050,-7.671
-24.958,-8.293
-24.604,-4.453
-25.145,-3.819
-24.681,-6.091
-17.863,-11.777
-13.693,-9.656
-11.759,0.226
-11.336,3.053
-3.098,-1.801
35.120,-6.933
58.964,-11.593
77.581,12.239
45.052,30.011
38.129,20.739
34.030,18.407
34.067,18.387
33.235,20.951
32.401,19.212
33.063,14.688
34.131,11.038
34.864,8.410
36.643,7.984
41.774,8.010
46.132,9.255
49.380,9.307
55.289,13.203
71.582,17.890
68.197,21.654
31.127,39.601
44.140,19.620
28.912,15.221
7.772,21.516
-6.378,24.486
-9.547,8.181
-7.382,-3.683
-14.009,5.026
-22.067,7.295
-31.221,1.055
-35.120,-6.632
-40.028,-12.583
-40.272,-3.075
-44.550,1.622
-45.987,1.853
-41.800,-3.612
-39.674,-5.225
-35.240,0.057
-19.635,13.370
-36.908,3.408
-30.809,-0.251
-29.398,2.967
-30.153,1.841
-32.464,3.085
-33.102,4.170
-34.720,5.762
-32.317,2.259
-30.822,0.326
-26.633,-0.152
-31.442,1.087
-35.599,1.828
-28.820,6.421
-36.457,4.119
-35.941,2.838
-36.857,2.573
-38.008,4.644
-38.552,3.837
-38.783,2.953
-34.428,1.725
-31.777,2.369
-34.252,2.862
-34.657,2.034
-32.302,3.730
-26.067,-1.129
-21.413,-0.608
-19.884,2.232
-16.388,2.179
-19.151,4.042
-13.806,-1.185
1.039,-4.452
-0.175,11.883
15.947,38.095
70.425,6.359
57.584,-1.686
52.500,2.489
48.878,9.713
42.762,14.737
40.112,18.622
39.159,19.250
42.572,13.658
45.420,10.620
48.138,8.973
50.689,7.694
52.189,6.925
56.538,5.067
58.709,4.420
60.136,7.311
63.239,11.004
71.614,11.733
66.476,16.311
60.761,29.201
17.782,29.945
-2.976,27.453
-22.702,15.015
-29.799,4.991
-29.349,1.115
-26.472,2.238
-31.894,9.419
-36.853,5.953
-37.284,-9.214
-42.014,-3.025
-45.683,0.353
-47.203,-4.512
-50.179,-11.233
-54.393,-9.556
-58.831,-0.213
-55.692,0.366
-40.057,3.321
-41.051,1.195
-36.122,-3.159
-39.291,-9.741
-37.615,-16.326
-36.553,-13.172
-42.060,-5.449
-49.411,-2.389
-48.871,-1.440
-46.936,-4.727
-38.606,-14.219
-21.209,-10.414
-40.310,0.572
-41.762,-4.168
-37.998,3.299
-41.032,0.632
-41.094,-0.220
-41.800,-0.489
-40.995,-5.784
-40.336,-5.287
-40.274,-7.136
-39.416,-9.640
-35.954,-7.778
-35.367,-7.031
-32.226,-6.738
-33.427,-4.183
-29.978,-4.454
-35.401,-3.130
-34.984,-4.124
-44.893,-5.454
-72.017,-0.969
-46.296,17.733
-1.877,37.152
23.694,18.275
18.490,15.757
17.245,16.656
18.936,14.610
22.045,15.859
25.244,14.344
27.950,12.286
33.628,12.532
36.473,12.341
39.003,10.692
40.302,12.798
40.182,14.534
46.133,19.638
44.157,24.406
49.263,25.984
50.451,29.579
46.512,43.464
36.239,38.067
24.437,30.315
19.276,43.321
-14.842,25.471
-21.596,6.846
-27.929,10.163
-33.459,8.873
-34.780,4.670
-36.498,3.786
-39.597,5.799
-42.578,5.386
-42.520,5.538
-44.758,3.564
-46.621,0.306
-50.546,-1.281
-56.484,-4.331
-56.248,-5.298
-53.202,-5.514
-53.284,-4.805
-49.473,-3.823
-44.628,2.398
-21.426,5.418
-40.119,1.841
-27.598,0.313
-32.949,-7.507
-38.250,-0.913
-38.176,0.495
-41.163,3.501
-41.728,2.572
-32.883,-4.006
-38.529,-1.796
-35.746,-1.004
-39.537,-0.612
-41.099,-0.996
-41.573,-0.578
-41.444,-1.829
-40.704,-2.992
-40.995,-2.460
-39.737,-4.617
-38.530,-4.031
-38.707,-2.967
-37.384,-2.132
-33.418,-2.351
-33.738,-2.548
-33.628,-4.804
-26.832,-5.069
-27.128,-2.420
-28.812,-2.210
-39.745,-0.201
-37.754,-6.109
-75.105,-9.613
-63.674,22.407
-7.211,31.068
-5.470,52.754
4.106,29.243
19.493,24.189
17.339,21.519
19.957,21.056
18.424,23.587
22.859,22.281
27.555,16.701
29.906,16.331
32.205,16.480
40.188,12.746
45.286,10.026
51.347,9.137
53.225,9.619
57.432,11.046
55.795,14.738
57.840,26.049
57.925,30.389
47.083,42.598
30.131,36.029
11.928,27.888
12.248,22.813
13.853,11.727
15.110,4.312
5.111,4.655
-8.940,7.876
-10.185,7.595
-11.761,6.312
-17.568,2.821
-26.262,-2.456
-32.783,2.949
-34.833,1.372
-28.974,-0.411
-26.432,0.248
-27.531,4.838
-27.866,10.454
-26.955,9.238
-25.918,6.387
-24.857,5.189
-27.273,6.262
-27.152,6.902
-23.158,5.612
-22.621,8.117
-23.437,9.442
-21.735,9.462
-21.474,8.570
-23.300,7.309
-24.799,7.548
-26.461,7.756
-27.623,7.181
-28.705,6.169
-30.002,5.758
-32.083,5.401
-31.508,1.603
-32.610,-0.538
-31.795,-2.150
-29.688,-1.297
-27.550,1.646
-26.051,2.957
-22.892,3.313
-19.128,5.222
-14.799,8.454
-12.569,11.230
-7.847,13.091
4.759,9.278
7.481,19.203
9.793,14.588
23.669,34.932
60.276,28.963
72.492,15.216
58.752,11.865
46.999,16.086
40.233,19.088
29.048,13.952
29.025,13.553
26.827,11.632
26.226,6.326
26.255,4.525
31.055,9.778
43.174,3.056
48.579,3.363
53.612,1.484
58.190,3.645
60.273,5.653
63.797,6.834
66.942,8.066
73.230,13.058
73.687,16.269
70.172,19.784
70.760,18.451
59.820,22.432
20.625,21.365
10.106,23.003
7.269,9.330
7.704,-7.320
-3.595,-7.046
-20.217,4.453
-26.667,1.391
-30.767,-6.650
-37.632,-19.463
-39.403,-6.341
-46.910,1.847
-50.043,0.777
-52.428,0.819
-52.205,3.583
-49.415,7.542
-39.889,8.827
-32.655,12.161
-25.286,3.683
-28.282,-7.487
-46.612,-21.095
-56.040,-19.494
-50.319,-2.606
-45.042,5.426
-50.302,11.478
-56.137,13.190
-52.341,3.606
-48.133,-5.930
-48.090,-14.718
-31.296,-20.511
-36.081,11.698
-27.222,8.397
-24.874,11.499
-34.637,4.519
-41.549,-3.095
-42.474,-1.053
-36.687,-0.059
-35.325,2.736
-33.086,10.121
-35.930,12.021
-35.374,11.739
-30.733,6.343
-27.769,5.162
-29.859,7.370
-22.622,9.709
-21.475,18.656
-25.298,17.700
-26.450,11.361
-15.763,3.229
-20.356,26.994
-4.045,80.925
40.285,28.599
26.046,18.113
40.028,13.773
55.669,-2.493
30.425,6.175
41.840,2.100
36.388,6.673
36.490,-1.496
39.413,-2.296
40.975,-2.310
49.513,-4.545
48.446,-6.811
51.062,-7.942
55.225,-9.015
59.677,-1.914
63.201,-4.544
57.851,-8.235
66.772,-0.710
77.070,3.875
61.886,28.113
61.225,25.934
30.438,24.770
3.478,25.327
-4.185,24.278
-19.054,37.076
-27.688,14.300
-23.688,7.329
-25.438,11.633
-30.529,11.746
-44.671,5.909
-41.682,-1.133
-42.420,3.245
-49.859,4.284
-53.482,-1.489
-55.824,-5.939
-57.555,-1.000
-47.479,2.134
-30.453,15.648
-24.363,10.880
-16.390,9.242
-34.141,-2.488
-55.685,-16.636
-42.518,1.945
-55.576,1.669
-61.691,-3.297
-56.364,-13.761
-32.376,-19.574
-32.755,-11.773
-41.119,9.928
-27.678,5.565
-32.046,7.944
-38.528,5.305
-38.200,7.464
-41.278,6.535
-37.114,-0.345
-37.260,0.253
-36.547,-2.529
-35.430,-2.747
-28.331,-2.236
-26.840,4.682
-18.185,1.909
-23.582,3.328
-16.912,0.820
-13.773,1.915
-17.059,9.220
15.743,-0.464
35.259,0.892
84.626,2.491
62.960,-3.049
69.444,0.067
56.672,2.355
50.610,-2.339
45.656,0.064
41.218,2.904
44.784,-1.026
43.672,2.113
42.926,1.255
41.926,-0.872
42.282,-3.275
44.384,-6.415
46.797,-4.556
48.683,-2.395
48.414,0.204
48.517,0.000
52.748,4.314
65.510,23.997
14.578,40.206
-0.748,32.462
-14.343,1.281
-35.137,-4.529
-43.973,12.750
-46.640,8.717
-44.513,3.897
-35.700,6.106
-38.413,10.254
-44.977,3.489
-47.047,-6.360
-46.442,-7.797
-46.762,-1.026
-48.533,0.619
-47.742,-10.159
-41.818,-10.515
-44.626,-5.818
-30.196,5.125
-20.234,11.620
-32.431,0.667
-25.614,-0.296
-36.914,-2.852
-41.564,0.467
-41.599,1.659
-44.616,1.928
-46.621,4.058
-44.154,3.823
-44.370,2.927
-41.259,-2.533
-19.470,-9.352
-45.654,7.611
-27.926,3.338
-29.157,8.919
-34.551,6.636
-39.213,5.103
-37.090,4.629
-36.899,4.703
-36.242,2.307
-37.293,2.604
-39.619,3.299
-34.445,1.307
-34.902,-1.129
-34.558,-1.061
-32.364,-5.310
-19.168,5.128
-14.411,9.612
-3.405,13.744
57.485,-5.240
49.351,15.499
52.761,34.235
73.159,12.589
75.591,-7.022
49.930,0.706
53.394,0.978
55.412,3.410
46.281,3.017
41.896,4.098
41.493,3.447
40.306,0.000
39.902,-2.703
38.740,-4.777
42.857,-6.700
47.665,-6.101
44.861,-5.252
45.107,-6.866
44.536,6.007
67.373,18.957
54.887,34.719
26.444,56.091
-0.439,21.964
-9.852,23.376
-14.325,28.608
-21.146,25.887
-34.501,7.878
-36.386,-5.123
-30.218,9.821
-37.085,12.783
-39.974,2.330
-46.679,-6.500
-48.601,1.095
-47.039,6.681
-44.532,5.025
-49.139,4.795
-49.399,7.382
-44.538,12.243
-42.351,14.625
-36.494,15.972
-30.454,11.587
-28.117,8.935
-29.625,6.398
-31.405,1.233
-26.700,-0.447
-28.482,-0.036
-28.847,3.299
-32.159,2.072
-32.458,1.279
-34.573,0.367
-34.742,-1.378
-31.631,-2.310
-35.970,0.568
-36.456,1.935
-36.515,2.780
-36.888,2.907
-38.478,4.428
-38.597,6.550
-38.321,6.689
-38.340,4.383
-38.761,3.455
-38.007,2.528
-36.428,1.424
-34.746,3.649
-33.304,4.851
-31.925,5.625
-32.101,4.243
-33.657,5.506
-24.668,2.856
-24.315,5.716
-20.650,10.836
-18.441,9.835
16.834,5.584
32.877,10.868
55.128,19.287
63.910,25.907
58.192,26.573
55.326,17.262
61.920,13.494
56.022,12.823
51.862,11.685
51.107,9.376
51.285,8.174
48.083,6.741
47.711,4.129
45.611,3.286
47.719,2.268
51.776,1.402
54.198,0.342
55.626,-1.576
58.240,-1.460
60.818,-0.537
64.204,1.059
65.810,2.786
66.995,6.163
68.526,9.780
75.504,10.930
73.046,13.293
71.558,18.434
51.113,26.318
39.064,23.732
33.711,20.725
26.087,15.777
1.123,14.708
0.646,11.487
-8.030,9.487
-10.666,8.614
-17.412,10.633
-25.626,12.472
-29.257,13.450
-33.011,14.889
-38.310,12.300
-43.951,8.616
-51.078,5.179
-55.958,4.090
-56.182,0.915
-60.404,3.718
-54.560,3.474
-42.190,2.166
-30.061,6.126
-15.777,19.094
-3.426,20.155
-17.030,4.835
-50.562,-32.520
-35.744,-15.635
-35.759,-1.601
-40.426,-5.459
-40.754,-3.833
-39.083,-3.383
-36.783,-4.691
-34.302,-10.204
-23.216,-12.519
-33.374,3.142
-21.307,11.552
-18.901,18.386
-28.725,11.101
-35.975,6.011
-37.057,6.372
-35.941,6.345
-35.325,2.398
-32.213,2.313
-34.503,4.164
-35.976,1.358
-35.323,1.371
-30.949,1.867
-34.455,0.477
-31.475,1.512
-35.065,5.068
-38.068,7.824
-29.186,5.335
-22.237,11.862
-4.977,31.645
15.614,70.149
26.782,44.726
40.374,25.212
61.773,13.909
45.430,14.379
44.109,15.165
36.381,12.629
35.448,10.295
35.182,4.678
37.375,3.664
43.699,2.190
47.691,0.313
49.779,-1.944
52.080,-2.166
55.103,-2.515
60.246,-1.227
62.280,1.378
66.539,6.762
72.126,15.365
70.173,19.717
65.795,18.121
49.077,14.800
13.482,18.938
-7.402,19.699
-21.273,11.360
-24.427,3.401
-28.294,-4.531
-30.191,1.984
-39.791,6.706
-44.810,-0.096
-51.834,-6.769
-59.933,-10.183
-56.582,-3.807
-55.534,3.302
-47.551,14.746
-37.093,21.133
-27.758,21.207
-29.381,18.444
-28.674,11.578
-30.073,12.199
-33.938,3.426
-36.693,1.616
-40.152,5.007
-46.171,10.939
-43.892,10.009
-44.120,11.674
-42.008,10.647
-40.258,7.694
-35.175,0.167
-16.752,-5.513
-41.038,5.224
-38.972,7.110
-32.951,8.747
-38.307,6.181
-39.649,6.882
-40.846,7.235
-40.610,6.843
-39.374,3.890
-40.590,3.314
-42.075,1.655
-40.721,0.353
-39.522,-3.137
-38.138,-6.629
-33.186,-5.220
-28.760,-2.262
-28.287,2.402
-25.801,3.278
-22.183,2.448
-15.681,-5.024
-7.152,-3.448
5.637,-1.744
11.480,4.173
60.212,13.852
67.455,6.163
54.414,7.613
49.677,9.416
41.475,11.747
37.743,10.947
32.153,12.242
32.673,12.866
31.604,7.912
36.153,2.266
40.437,1.662
42.826,-0.543
46.177,-2.330
49.865,-2.282
53.924,-1.829
57.542,-0.222
62.540,3.253
72.771,10.814
73.073,16.227
71.807,17.015
55.804,21.175
44.903,19.506
36.310,14.701
17.026,14.732
5.746,14.723
1.784,10.438
-0.295,-3.493
-8.207,-8.207
-19.748,-0.865
-27.756,3.798
-34.330,-1.196
-39.095,-7.437
-46.211,-9.018
-49.044,-5.297
-47.849,-2.177
-51.005,1.177
-52.023,6.384
-48.146,11.074
-39.565,10.542
-30.787,13.193
-9.691,22.334
-17.042,13.384
-23.665,-0.676
-24.437,-4.658
-29.349,-16.356
-32.061,-15.319
-41.409,-0.463
-47.289,4.640
-49.291,10.659
-50.516,2.795
-44.808,2.086
-47.077,0.757
-45.875,0.909
-39.045,-0.675
-38.508,-4.761
-22.860,-9.824
-31.864,3.848
-35.444,4.192
-21.861,16.217
-31.644,10.386
-35.872,7.814
-35.036,5.174
-32.668,4.562
-31.325,5.736
-32.226,6.122
-31.934,6.000
-29.456,6.074
-25.402,3.778
-25.023,2.211
-25.113,-0.890
-21.496,6.683
-19.609,1.151
-16.249,-2.052
-16.423,0.323
-12.876,4.270
-11.806,7.630
-6.565,3.667
-1.229,5.315
12.642,7.570
50.961,-0.143
69.818,-0.110
68.207,-1.184
70.577,4.146
60.841,15.987
56.935,7.624
47.437,8.441
45.061,2.361
46.820,-2.205
44.911,-5.402
43.323,-5.603
42.311,-3.647
44.910,-5.834
45.228,-7.452
45.653,-9.919
45.419,-12.006
46.956,-12.761
48.298,-12.871
51.611,-12.178
52.775,-13.599
60.095,-7.598
63.989,-3.402
61.730,-2.064
67.538,2.995
70.918,10.060
65.917,21.870
62.549,27.437
32.858,51.320
23.240,51.760
13.615,46.819