-45.064,33.913
-45.171,33.782
-45.159,33.816
-45.216,33.849
-45.133,33.975
-45.033,34.023
-44.843,34.260
-44.980,33.998
-45.158,33.755
-45.467,31.525
-45.429,29.115
-43.581,30.799
-43.405,29.973
-40.496,32.430
-35.882,34.102
-29.257,34.955
-22.785,34.580
-21.145,37.427
-20.854,37.280
-23.563,34.111
-25.889,32.748
-26.054,32.992
-25.979,32.766
-24.927,32.569
-24.207,30.777
-24.686,29.310
-25.474,27.771
-25.295,25.559
-25.055,22.113
-23.302,20.420
-23.399,19.836
-23.617,19.527
-22.292,19.809
-21.594,18.675
-20.656,17.919
-18.330,16.189
-14.684,15.357
-12.012,14.009
-11.532,12.935
-10.075,12.733
-5.520,14.196
-0.980,16.901
1.267,15.561
10.221,14.068
21.156,14.363
33.068,9.483
45.035,14.456
62.756,11.092
78.370,5.042
76.455,3.374
71.496,11.112
63.530,7.802
52.094,-0.752
48.638,2.026
45.654,7.593
44.567,7.328
44.757,7.844
45.411,7.159
44.799,5.703
48.737,-1.382
46.207,-14.137
42.207,-16.003
52.356,-10.485
57.574,-6.604
59.491,-8.910
58.328,-9.208
52.762,-8.721
48.832,-5.986
46.639,-5.168
47.711,-6.273
52.802,-8.279
53.683,-9.205
55.341,-6.316
42.316,-1.289
58.959,13.996
30.571,8.516
31.210,-2.430
23.901,-18.912
-15.686,8.068
-16.365,11.126
-13.104,17.277
-12.319,21.752
-14.479,23.332
-20.198,18.521
-23.523,21.035
-25.288,27.326
-24.836,36.228
-28.893,33.774
-33.169,27.435
-37.689,27.790
-40.404,31.251
-39.550,34.909
-37.678,33.854
-33.937,30.798
-24.113,28.830
-21.201,28.968
-23.567,32.712
-24.126,38.629
-22.894,46.513
-15.727,31.734
-25.296,39.276
-34.101,23.729
-30.637,27.874
-24.283,37.243
-28.426,37.184
-32.224,32.072
-31.058,26.990
-32.525,26.619
-31.216,31.898
-32.315,32.953
-34.558,30.781
-34.534,28.162
-32.965,22.924
-30.249,22.514
-27.145,22.277
-25.696,24.193
-26.061,23.418
-24.444,18.735
-20.451,14.389
-18.741,14.515
-17.852,17.909
-9.689,19.123
-5.400,18.119
-3.426,16.338
-1.654,16.893
3.900,7.545
6.557,5.605
11.759,8.742
20.634,12.419
52.593,26.467
52.455,5.352
43.131,-1.717
36.434,-4.416
29.113,-9.195
34.514,-6.057
34.672,2.472
25.993,1.475
29.991,0.849
23.019,-12.466
28.611,-31.123
64.871,-20.025
72.047,-16.337
67.359,-21.881
69.127,-20.322
71.052,-12.479
68.520,-10.263
66.135,-9.280
64.124,-12.915
65.650,-11.925
65.184,-11.663
64.175,-11.653
61.361,-12.552
60.159,-11.982
58.157,-11.905
60.360,-9.578
65.089,-9.418
74.762,-9.496
74.039,-15.865
55.937,-22.328
4.348,5.537
0.823,10.706
9.504,8.365
17.680,18.009
9.331,28.846
-13.955,27.631
-19.884,26.834
-20.437,31.745
-30.156,33.618
-43.630,29.912
-48.218,25.544
-44.746,22.400
-41.925,25.712
-42.369,28.014
-43.564,28.946
-45.331,33.231
-37.341,31.716
-30.244,29.868
-25.461,28.775
-26.057,27.986
-27.670,31.749
-29.099,34.584
-33.270,32.089
-29.536,34.691
-20.372,37.473
-17.048,36.014
-17.958,33.997
-23.294,27.153
-19.180,34.091
-23.142,36.914
-27.846,35.401
-30.311,33.107
-32.741,28.637
-31.302,26.396
-30.692,26.447
-30.849,26.874
-31.254,28.340
-33.253,28.598
-34.323,24.103
-33.990,21.368
-32.645,19.145
-30.481,19.467
-27.784,19.810
-26.895,20.329
-28.166,21.290
-32.986,18.382
-30.705,15.653
-25.839,10.952
-16.994,12.194
-17.047,17.522
-18.508,22.564
-15.105,23.059
-2.344,17.151
2.761,11.838
7.937,10.879
16.532,7.641
30.515,-6.420
62.038,3.165
70.903,2.677
86.405,-0.470
63.716,-8.594
49.647,-5.264
44.162,2.616
36.907,0.850
35.342,-3.683
36.407,-6.189
41.531,-3.795
47.678,-7.990
32.936,-27.676
47.676,-29.869
58.984,-18.700
50.868,-22.840
54.079,-18.952
54.563,-20.514
55.063,-22.815
64.794,-16.345
69.710,-14.521
77.414,-12.498
76.625,-6.534
65.317,-4.422
63.639,-6.012
63.001,-13.723
54.366,-18.765
26.856,-3.916
14.030,7.125
11.332,6.958
13.268,1.371
21.416,-4.855
7.322,2.804
-7.510,26.549
-13.645,23.823
-22.807,15.304
-31.661,10.403
-41.870,16.775
-37.213,19.017
-34.917,21.922
-37.620,22.733
-43.898,20.068
-45.647,21.747
-44.796,25.086
-40.592,28.368
-37.179,28.963
-34.452,30.090
-35.838,27.600
-36.718,27.699
-34.437,31.535
-34.286,31.280
-14.253,38.676
-10.168,32.072
-29.819,28.649
-29.678,28.978
-26.955,31.826
-26.266,31.694
-32.475,32.194
-39.348,28.929
-35.389,27.334
-30.132,26.018
-27.790,27.231
-28.888,29.803
-31.074,28.161
-33.775,25.596
-35.097,20.332
-32.035,18.348
-29.207,16.770
-27.977,16.782
-29.415,17.027
-29.445,15.520
-27.014,15.336
-24.592,12.021
-24.757,7.546
-25.212,7.442
-20.891,9.508
-11.375,12.360
-8.622,10.198
-3.161,1.144
11.474,-5.677
18.457,2.040
26.899,0.796
37.813,-4.201
60.642,-7.609
81.482,2.006
81.949,-3.853
82.700,-1.967
73.399,-10.552
68.346,-2.665
57.044,0.032
51.051,3.291
47.138,-1.740
47.344,-3.498
47.547,-2.108
54.779,0.146
59.460,-10.350
39.529,-15.759
57.723,-15.892
76.549,-1.607
80.552,-0.612
78.865,-1.761
72.044,-7.392
67.598,-8.120
70.212,-7.469
76.449,-5.763
78.318,-8.355
77.098,-10.889
76.148,-10.586
77.753,-10.411
79.974,-7.190
62.690,-6.221
55.943,-9.834
43.700,-19.987
24.384,-23.273
10.407,-10.249
5.422,1.211
5.617,3.614
8.063,-1.454
10.851,4.788
4.932,12.831
-10.341,20.526
-21.227,21.474
-38.725,20.160
-47.267,22.604
-42.208,31.687
-33.351,27.051
-34.234,23.086
-37.667,17.126
-44.487,18.906
-44.574,23.001
-44.456,26.355
-45.048,25.853
-43.570,26.656
-39.844,28.704
-35.500,30.450
-33.184,31.210
-34.273,30.234
-31.684,30.737
-29.841,35.921
-8.957,26.347
-40.130,29.522
-39.051,30.162
-36.613,30.031
-34.293,29.275
-28.108,34.888
-24.900,36.736
-28.449,34.214
-33.516,29.780
-37.233,26.714
-34.802,27.919
-33.906,27.632
-33.135,26.955
-32.219,27.867
-32.047,27.837
-30.986,26.957
-30.389,25.265
-29.798,21.378
-30.161,17.980
-30.266,16.612
-28.862,17.226
-26.095,17.655
-25.147,17.294
-24.021,15.263
-23.054,14.035
-21.195,13.119
-16.582,12.138
-15.082,9.216
-12.956,13.232
-7.113,16.304
1.738,11.525
13.014,8.157
24.903,13.305
35.219,1.466
42.994,5.452
47.953,-5.861
65.789,-11.488
71.650,-18.249
74.620,-15.307
83.017,-0.678
72.663,-15.049
66.563,-17.261
57.672,-12.334
55.676,-6.031
53.716,-4.395
55.570,0.346
58.730,-0.314
60.601,-2.826
60.177,-7.919
61.740,-15.331
57.429,-29.042
58.232,-29.421
63.699,-23.797
65.997,-20.756
65.369,-18.815
66.314,-14.836
67.816,-12.393
68.253,-12.945
68.311,-16.930
69.522,-18.503
71.123,-18.262
73.325,-16.475
74.640,-14.585
71.408,-13.440
58.850,-11.383
52.085,-7.650
47.551,-4.761
43.205,-6.624
32.644,-6.743
6.812,-0.736
12.335,15.469
19.435,27.721
17.262,41.428
-4.429,33.195
-22.563,16.765
-28.302,20.194
-31.751,27.526
-39.985,27.131
-43.764,26.026
-46.426,27.820
-48.381,27.871
-47.253,28.306
-44.577,29.145
-39.210,29.366
-38.736,28.461
-36.877,31.507
-40.814,28.725
-37.374,32.503
-29.609,35.297
-29.205,32.708
-27.491,32.989
-25.347,35.570
-24.570,35.472
-24.465,33.309
-24.627,32.173
-22.798,33.338
-22.466,33.750
-22.319,32.251
-23.894,31.525
-26.100,30.695
-27.856,29.835
-30.471,29.655
-31.740,29.790
-32.788,27.734
-33.991,27.524
-35.206,25.092
-36.283,20.827
-32.794,20.099
-30.475,18.634
-28.210,19.650
-30.403,20.876
-32.216,20.121
-27.716,17.669
-21.749,9.463
-15.310,14.587
-12.090,16.661
-4.905,23.174
7.279,16.381
12.582,13.046
20.937,15.378
34.235,16.526
66.201,11.257
74.425,11.168
72.255,7.450
75.245,1.055
69.391,1.122
58.070,10.476
50.360,12.054
50.781,7.878
47.200,3.049
52.814,0.786
55.358,0.124
46.231,1.937
51.397,0.240
32.487,-20.320
49.009,-14.442
64.039,-6.345
64.660,-15.181
66.617,-15.367
69.973,-13.377
77.721,-6.674
82.069,-4.071
83.952,-5.703
78.342,10.339
79.808,3.986
69.026,6.567
60.509,8.639
60.321,3.229
63.164,3.038
56.701,7.799
42.071,18.319
15.712,13.208
1.157,11.788
-1.671,15.217
-1.033,27.311
-3.820,27.545
-13.947,16.990
-16.400,13.428
-19.720,17.053
-21.792,26.942
-27.487,29.477
-31.108,25.424
-34.697,21.651
-38.470,22.212
-41.233,24.667
-44.229,26.330
-45.110,28.906
-41.609,31.024
-35.158,33.481
-30.608,33.726
-29.586,33.794
-31.659,31.296
-26.150,36.847
-24.730,36.835
-1.923,42.644
-7.898,37.034
-18.071,33.902
-29.652,30.248
-21.570,40.176
-23.378,40.605
-25.378,41.105
-25.038,39.879
-29.617,34.921
-34.912,30.695
-32.363,33.611
-29.126,33.832
-28.364,35.018
-29.277,35.579
-30.982,33.482
-32.431,31.485
-34.355,29.003
-35.410,27.677
-35.868,26.751
-34.554,23.263
-33.089,20.236
-30.799,19.152
-29.022,21.691
-25.805,22.298
-20.506,19.468
-19.269,17.646
-18.197,15.059
-17.760,11.943
-15.159,10.122
-6.750,10.102
-2.775,14.966
2.303,19.941
10.936,11.806
19.869,5.144
25.344,4.082
36.493,10.278
57.583,17.327
79.100,7.051
79.905,7.752
60.606,7.189
44.844,5.290
46.507,3.777
53.330,-0.783
51.063,-2.092
50.736,-1.110
46.124,0.110
47.072,-5.318
53.176,-5.865
48.378,-26.629
42.972,-38.850
59.271,-26.742
67.752,-18.664
61.751,-23.705
63.593,-20.570
66.726,-15.725
70.625,-10.257
74.327,-9.675
77.904,-8.521
83.842,-6.085
81.938,-0.357
77.171,0.123
74.978,-3.382
41.576,-5.378
19.533,8.589
17.144,9.605
22.408,0.897
30.363,-8.756
32.458,-41.383
37.726,-22.282
-8.659,49.581
-26.557,48.241
-42.361,42.442
-34.667,32.694
-17.007,34.037
-20.082,28.415
-41.165,18.137
-60.599,6.886
-58.944,9.218
-43.839,19.449
-33.930,29.586
-23.809,40.000
-23.393,39.484
-30.179,32.633
-29.706,33.141
-22.584,37.653
-23.141,35.204
-17.828,47.280
-7.540,48.103
-20.523,45.965
-25.235,45.606
-25.941,41.670
-24.074,42.295
-26.670,36.956
-25.443,38.799
-28.217,38.052
-32.579,33.569
-31.884,34.398
-34.207,32.583
-31.851,34.454
-30.732,34.280
-30.142,34.384
-31.910,31.191
-34.589,26.760
-35.080,21.433
-31.183,21.117
-28.822,20.182
-29.332,17.973
-28.721,18.448
-27.575,18.978
-24.016,17.532
-22.277,15.697
-21.630,14.265
-22.132,12.293
-21.261,8.259
-19.878,4.500
-10.397,9.289
-5.073,13.510
-0.694,15.235
1.920,14.324
10.173,11.763
21.191,-3.931
33.027,5.988
49.566,2.374
67.041,8.032
83.622,3.396
87.144,-1.766
77.628,-6.452
65.529,-15.879
59.168,-19.537
59.108,-2.748
56.792,8.119
55.313,6.838
55.214,1.307
59.075,2.146
60.737,-9.022
49.637,-19.878
46.617,-24.946
53.647,-24.005
58.761,-20.817
55.460,-23.778
58.559,-22.596
60.483,-21.453
65.500,-18.745
69.473,-17.525
74.160,-15.486
75.422,-14.577
73.507,-14.558
48.276,-6.993
31.461,3.005
32.847,0.954
39.713,-9.046
31.898,-10.653
14.256,7.824
4.275,3.298
3.626,4.295
24.924,12.981
26.538,26.006
-10.725,30.505
-24.400,31.262
-31.087,28.252
-35.776,26.715
-35.777,25.013
-32.373,25.724
-33.507,28.227
-38.606,30.103
-43.667,30.628
-44.436,28.501
-46.480,24.144
-44.731,25.034
-43.242,25.618
-43.497,27.595
-43.581,28.767
-38.651,31.608
-36.286,29.155
-36.447,27.404
-29.638,31.945
0.243,40.364
-11.166,13.192
-38.131,25.319
-25.814,46.669
-27.254,32.005
-31.677,30.544
-30.550,29.912
-27.089,32.215
-30.321,29.918
-33.877,28.452
-35.764,27.724
-35.483,27.816
-35.493,29.317
-33.509,31.342
-31.455,31.956
-31.763,29.319
-32.842,24.165
-32.980,22.952
-33.216,22.575
-28.814,22.382
-27.135,21.308
-25.595,21.018
-27.416,18.403
-23.935,14.404
-16.176,17.313
-11.405,18.700
-7.519,21.383
-2.573,18.677
3.871,12.790
15.194,12.205
22.975,17.191
32.027,9.123
52.118,5.222
70.004,-9.916
72.014,-13.204
66.093,-7.030
81.165,-5.019
79.315,-10.672
73.404,-16.403
69.644,-19.817
63.634,-10.919
61.930,-6.644
56.942,-2.493
54.753,0.575
57.734,2.495
54.972,3.491
52.395,-10.854
33.079,-26.132
47.515,-8.797
51.810,-24.777
52.871,-28.630
52.347,-33.164
62.107,-24.889
69.606,-18.503
71.796,-16.581
73.992,-15.037
72.375,-16.727
73.879,-15.153
76.754,-12.451
78.357,-10.967
77.280,-12.704
74.463,-7.630
66.847,0.614
63.428,1.927
69.800,3.233
55.991,-1.947
33.366,5.259
53.151,-32.842
13.791,7.649
26.508,14.207
-1.119,15.179
-17.221,10.219
-23.085,2.632
-22.625,9.512
-22.213,21.033
-29.254,22.321
-37.079,18.896
-43.237,20.050
-47.261,24.476
-42.369,25.385
-46.971,25.032
-46.226,28.032
-45.208,32.017
-48.505,29.130
-37.341,29.629
-33.469,30.060
-39.725,24.231
-34.546,29.410
-35.342,29.932
-31.424,33.704
-11.624,36.420
-7.827,33.802
-28.235,32.619
-31.226,26.894
-33.582,30.035
-33.622,28.384
-38.076,28.772
-41.579,26.313
-36.492,26.411
-31.504,28.469
-31.602,29.819
-33.732,31.508
-36.311,30.108
-37.082,25.376
-35.971,20.123
-33.640,16.263
-30.833,17.598
-27.066,20.298
-22.049,23.594
-22.093,22.041
-23.154,18.139
-20.690,15.231
-14.013,14.552
-10.307,14.749
-9.024,15.664
-8.046,17.053
0.000,14.435
5.458,9.087
6.622,10.034
7.091,5.180
16.740,2.249
29.570,-1.091
30.775,2.602
30.943,6.936
39.377,-0.618
64.639,-6.806
78.125,-6.464
75.661,-7.442
82.961,-3.930
67.916,-10.973
61.601,-14.477
62.945,-7.548
76.394,-2.134
75.593,-2.708
69.691,-0.684
60.509,-0.520
53.508,-1.675
44.972,-8.003
39.560,-18.213
44.121,-21.810
49.088,-23.736
51.802,-25.045
58.024,-20.319
61.758,-17.207
66.101,-15.324
69.643,-14.043
73.201,-11.539
77.446,-7.531
87.592,-2.273
77.327,0.526
70.792,-1.193
65.968,-4.046
53.227,-3.924
25.560,3.997
15.532,6.333
22.512,-4.439
34.949,-7.197
26.382,5.980
1.398,17.531
-8.418,18.003
-11.286,16.956
-19.065,13.923
-33.615,10.170
-55.303,13.778
-42.678,19.771
-40.025,22.769
-44.088,21.700
-49.192,21.143
-49.650,23.477
-47.393,24.978
-42.570,25.926
-34.366,23.041
-32.113,23.046
-30.754,24.639
-32.877,26.651
-31.772,27.932
-31.816,27.383
-31.585,28.043
-29.543,30.205
-31.783,29.369
-32.548,34.940
-22.621,30.494
-26.333,29.002
-28.538,36.489
-27.735,37.501
-31.700,31.302
-32.605,29.655
-34.585,31.140
-36.129,30.102
-33.585,30.576
-32.447,28.321
-33.986,29.222
-35.986,29.048
-36.903,25.905
-35.777,23.143
-32.626,21.456
-31.514,19.483
-31.667,18.077
-30.713,16.656
-26.322,13.577
-23.821,12.981
-21.933,12.751
-23.766,13.004
-25.554,9.683
-20.265,7.052
-15.136,9.068
-7.529,12.577
-1.494,19.171
4.981,26.892
14.198,33.350
22.313,29.519
27.004,11.393
38.428,-1.966
45.854,-1.166
72.506,-3.800
77.461,-4.767
76.432,-4.184
67.610,-7.337
66.484,-6.910
63.950,-6.976
62.644,-4.102
59.973,-5.596
55.122,-13.516
46.969,-25.936
45.880,-27.482
30.631,-32.504
37.399,-31.861
46.909,-34.546
58.213,-27.803
61.565,-24.289
62.765,-21.071
61.576,-19.770
62.432,-19.741
64.472,-20.019
72.604,-16.153
82.027,-7.972
82.519,-6.877
74.782,-8.324
64.240,-11.386
50.091,-3.630
38.853,6.446
45.218,5.419
63.142,0.557
71.229,0.212
38.013,12.252
15.820,12.217
8.250,11.596
7.309,14.354
-3.148,15.691
-10.076,13.141
-16.562,8.717
-23.439,1.733
-31.427,-0.402
-37.041,6.516
-35.840,9.094
-33.752,15.293
-33.614,17.174
-36.934,18.950
-37.734,20.145
-39.978,21.594
-41.374,24.997
-39.254,28.476
-37.291,31.467
-39.825,30.298
-41.446,28.950
-42.025,28.622
-40.303,29.349
-36.733,31.418
-33.370,32.771
-33.385,33.124
-32.804,33.686
-31.161,37.444
-28.264,47.081
-11.965,35.444
-18.604,23.862
-25.299,29.067
-26.819,30.797
-29.280,33.370
-31.818,33.127
-33.682,33.140
-36.912,30.969
-40.566,28.825
-38.739,30.215
-36.162,30.495
-34.023,30.453
-32.571,31.913
-32.706,32.905
-35.202,31.311
-36.575,28.238
-36.391,26.643
-35.030,26.467
-33.665,28.082
-35.950,25.070
-34.510,22.434
-32.058,22.077
-28.245,23.355
-23.423,25.797
-20.280,28.087
-20.931,27.329
-22.332,26.713
-20.680,22.072
-16.890,16.710
-13.352,17.866
-11.166,17.259
-5.243,17.689
1.220,18.080
8.395,17.304
13.588,14.235
19.718,16.074
28.882,15.033
39.105,8.198
40.066,6.942
40.637,3.723
46.693,10.252
65.557,1.249
75.246,-1.090
70.578,0.211
72.449,-2.568
85.406,-4.179
70.985,-6.459
68.439,-6.994
60.075,-10.349
59.831,-10.498
58.436,-2.067
56.745,4.437
43.803,-6.108
42.100,-5.435
24.379,-29.454
38.130,-25.468
57.365,-4.527
65.161,-9.782
68.474,-13.824
68.667,-18.713
77.187,-11.840
83.160,-6.824
86.079,-1.975
72.840,2.078
63.711,4.297
59.151,4.281
53.431,5.559
35.636,11.972
28.909,9.609
17.589,9.258
17.749,10.988
21.845,15.137
19.656,16.526
2.412,15.963
-13.931,14.533
-21.651,13.304
-21.374,15.370
-21.173,16.971
-23.482,16.662
-34.088,16.793
-45.712,19.113
-41.802,27.723
-41.986,24.492
-44.698,19.129
-44.219,20.614
-43.403,26.023
-43.576,31.377
-42.648,32.828
-42.645,26.888
-40.662,22.045
-29.745,29.745
-25.577,32.269
-18.839,40.187
-14.465,30.685
-14.816,30.867
-26.531,30.851
-25.845,35.180
-31.649,32.645
-31.919,31.639
-35.403,31.394
-41.327,29.877
-41.896,27.890
-36.537,27.586
-32.949,28.608
-32.135,29.824
-33.433,32.719
-33.116,33.370
-32.633,31.606
-33.867,27.538
-35.988,24.496
-36.520,20.240
-31.151,16.995
-27.106,18.122
-25.405,19.537
-25.020,18.964
-26.563,18.828
-27.229,19.487
-28.022,18.138
-22.921,17.198
-18.372,16.537
-17.784,15.708
-18.420,15.910
-17.818,11.344
-14.192,8.858
-5.419,8.666
2.436,15.672
6.486,15.658
9.605,17.455
28.935,16.305
51.557,14.289
68.342,9.876
55.661,17.543
61.350,-0.055
61.702,-7.772
61.502,-8.219
74.899,-9.218
76.231,-0.048
72.403,9.185
62.664,12.886
45.117,9.316
42.886,1.247
38.256,-6.499
44.712,3.705
44.976,10.548
40.644,-4.122
36.166,-18.560
40.926,-22.215
53.760,-15.891
54.755,-23.990
57.510,-24.245
65.623,-19.323
69.423,-17.684
72.042,-16.031
74.406,-14.640
77.896,-11.879
73.443,-8.775
67.086,-6.180
60.250,-5.047
52.955,-1.224
44.308,0.649
33.636,3.040
31.822,2.494
26.797,2.987
24.210,7.514
16.096,14.641
13.878,19.745
10.703,19.647
2.306,22.519
-6.421,22.726
-10.429,19.761
-16.988,12.496
-24.782,7.702
-29.799,6.588
-35.785,12.771
-32.480,22.556
-28.942,27.230
-27.527,24.919
-31.383,20.243
-34.288,19.436
-39.170,19.795
-42.927,24.754
-41.227,26.921
-39.654,27.964
-40.322,27.618
-42.074,26.672
-41.467,27.799
-37.602,29.972
-39.549,27.530
-35.715,31.002
-32.201,36.012
-12.445,30.350
-27.174,28.904
-27.232,34.266
-23.478,35.152
-26.217,36.462
-31.921,31.349
-33.512,28.302
-35.845,27.882
-37.992,25.711
-34.303,30.205
-30.818,32.456
-28.534,32.928
-31.087,31.872
-34.928,28.102
-36.004,27.173
-37.881,24.700
-38.488,22.998
-38.554,22.169
-36.146,23.163
-32.878,21.481
-31.373,20.998
-31.299,20.703
-31.181,20.009
-28.385,19.440
-26.430,17.991
-20.760,20.605
-18.656,18.374
-17.208,11.034
-13.435,8.373
-7.316,6.491
-0.946,14.378
5.950,15.601
19.351,16.210
30.199,13.346
44.777,8.155
51.792,-4.713
62.306,-11.760
77.850,-7.863
82.470,0.520
70.262,-8.687
59.923,-11.133
61.996,4.843
56.541,6.694
50.590,1.079
47.539,0.573
40.840,-12.350
43.174,-22.427
43.275,-22.429
53.034,-17.562
53.884,-24.803
55.955,-24.947
62.185,-21.585
66.713,-20.034
68.642,-19.882
71.119,-18.518
73.820,-16.180
75.361,-14.041
75.534,-12.871
74.912,-12.771
73.015,-13.099
65.355,-8.603
56.054,-5.499
48.150,-4.985
44.456,-5.562
35.823,-5.306
25.252,-4.429
23.095,-2.489
22.020,-0.354
22.219,6.574
17.075,8.091
7.154,7.892
-5.979,12.252
-11.465,22.745
-15.426,19.660
-26.091,28.421
-32.020,29.608
-38.065,27.163
-39.281,25.152
-41.424,24.616
-41.855,25.360
-41.684,28.473
-39.121,30.733
-36.756,31.766
-39.168,31.930
-39.941,33.240
-39.557,33.117
-35.325,34.886
-32.642,34.702
-29.068,33.953
-29.317,32.247
-25.332,33.997
-27.243,32.560
-1.076,38.801
-13.078,16.159
-35.605,36.851
-27.104,30.838
-29.942,28.709
-28.191,35.013
-36.084,31.944
-42.607,28.166
-44.698,24.657
-42.032,23.256
-38.061,25.928
-34.152,30.002
-32.881,32.057
-34.045,32.332
-36.179,29.020
-37.586,25.359
-36.849,26.417
-33.549,28.753
-31.539,28.096
-24.270,23.249
-21.988,20.274
-21.714,19.408
-19.526,23.355
-16.478,23.313
-13.095,20.462
-13.697,15.484
-11.101,12.594
-9.970,11.681
-9.503,10.872
-8.103,13.748
1.317,18.607
13.726,27.953
20.001,25.496
29.310,20.799
47.920,6.302
50.169,2.462
58.847,-4.154
58.948,-6.566
71.821,-7.502
71.710,-4.150
80.862,-9.115
73.750,-12.278
70.114,-11.112
58.785,-13.414
57.337,-13.576
58.119,-10.419
59.043,-11.023
47.404,-22.734
33.898,-29.941
41.984,-27.402
49.663,-24.153
54.824,-25.496
51.759,-28.272
61.528,-25.861
67.422,-22.230
69.767,-19.405
71.727,-14.758
72.763,-13.879
66.122,-12.514
52.026,-12.021
37.679,-13.058
40.574,-13.425
29.912,-1.694
24.976,-1.320
16.659,-5.124
14.755,7.479
11.572,11.036
1.792,3.766
-6.446,-1.959
-10.907,1.403
-10.041,12.174
-11.299,22.712
-22.365,27.889
-33.991,20.524
-36.525,18.853
-42.285,22.981
-46.217,23.395
-47.750,24.414
-47.557,26.495
-45.642,28.528
-44.067,28.707
-41.609,28.534
-42.195,26.123
-42.301,26.659
-42.951,29.975
-44.456,32.018
-45.057,29.389
-7.493,38.196
-4.289,20.199
-32.897,24.081
-36.844,27.175
-42.526,22.568
-29.265,30.392
-29.862,26.653
-33.676,24.496
-36.432,24.954
-38.337,24.144
-37.040,26.891
-36.490,29.207
-37.093,28.935
-38.914,21.641
-39.307,18.242
-43.271,7.633
-46.139,7.201
-34.470,26.316
-23.617,30.587
-22.389,29.029
-25.692,24.770
-25.631,19.742
-22.707,16.016
-19.401,15.598
-15.885,16.545
-15.460,16.707
-13.021,17.217
-5.465,18.994
-0.603,17.735
-0.383,19.310
1.399,20.236
5.381,18.233
13.257,16.687
18.232,15.859
19.657,20.172
34.288,14.248
57.279,13.790
67.806,10.141
84.007,5.896
81.755,0.749
70.364,-7.917
63.116,-10.953
61.073,-9.574
64.026,-7.719
66.710,-5.191
62.539,-2.692
61.188,-18.334
38.912,-33.244
36.833,-33.054
49.008,-24.927
61.002,-24.342
61.223,-26.225
60.714,-28.342
67.093,-22.265
72.733,-16.096
73.572,-14.586
72.914,-16.624
72.108,-17.724
73.289,-15.437
73.843,-13.599
74.662,-10.446
68.471,-6.745
54.010,-4.800
48.098,-15.029
50.781,-22.313
34.299,-6.670
16.785,7.148
8.344,6.811
4.805,5.988
0.603,13.536
-6.370,20.644
-12.790,19.725
-15.919,15.794
-21.734,14.884
-20.602,15.811
-21.177,18.661
-20.146,25.593
-21.391,26.961
-26.598,25.393
-32.740,25.221
-38.719,24.956
-40.173,28.278
-38.549,30.828
-42.194,30.961
-47.739,29.517
-47.040,31.664
-45.486,31.141
-44.673,29.326
-42.810,26.514
-37.834,27.681
-33.858,27.786
-17.847,35.631
-10.705,37.327
-17.044,19.896
-27.348,24.404
-23.625,28.866
-23.396,30.125
-25.852,31.606
-31.107,31.130
-42.408,22.397
-44.685,23.904
-41.003,23.692
-33.163,26.971
-31.028,30.318
-31.735,31.116
-33.511,30.086
-33.464,26.363
-30.707,23.030
-29.734,22.049
-30.408,21.230
-29.779,20.690
-27.262,20.394
-24.068,19.061
-22.982,17.402
-22.590,16.319
-20.295,15.545
-12.490,18.638
-10.325,16.300
-7.609,13.621
-3.556,14.099
-0.985,13.452
-0.108,11.776
9.649,8.242
19.904,6.443
32.039,1.413
64.474,-3.867
67.699,-10.132
73.763,-8.300
72.532,-12.339
75.766,-14.087
73.186,-16.813
76.123,-13.693
74.378,-12.441
73.723,-5.899
60.510,-2.976
57.302,-3.534
53.189,-4.722
53.152,-6.589
55.880,-10.537
58.106,-13.222
47.055,-24.112
37.857,-33.526
49.169,-29.221
57.580,-25.168
64.976,-22.258
61.797,-25.903
65.128,-24.167
68.241,-21.312
71.015,-18.639
72.841,-16.967
73.513,-16.454
71.360,-18.619
69.363,-20.631
66.971,-22.977
65.248,-19.910
63.351,-17.501
63.895,-18.382
65.246,-18.031
65.484,-16.189
54.739,-9.836
45.324,-6.397
42.484,-9.037
39.408,-7.280
42.008,-12.984
31.383,-8.024
16.557,-0.204
8.066,3.245
8.567,0.976
12.301,6.717
5.473,14.695
-4.301,16.848
-10.374,16.202
-16.066,15.383
-17.591,16.095
-14.042,17.992
-11.618,19.191
-10.379,18.413
-11.219,16.413
-13.955,17.879
-20.684,17.252
-26.925,21.985
-36.993,31.514
-45.994,32.404
-49.959,30.212
-51.741,27.877
-47.094,27.229
-43.506,29.121
-39.862,27.996
-38.452,27.593
-36.270,28.618
-36.170,28.869
-35.883,32.248
-35.536,34.689
-33.155,39.508
-18.586,41.566
-12.194,34.851
-20.699,23.884
-21.493,28.956
-22.455,30.811
-26.883,29.654
-31.527,32.257
-35.372,32.124
-38.442,29.812
-41.721,26.261
-39.638,26.218
-37.535,25.313
-34.117,26.698
-33.512,27.511
-36.264,26.697
-33.782,28.894
-29.885,31.550
-27.912,28.977
-27.846,25.761
-29.643,21.646
-27.938,19.429
-20.953,19.495
-14.089,21.298
-8.368,20.639
-10.486,18.379
-11.573,15.165
-3.011,15.288
3.009,14.703
9.868,16.311
9.259,13.048
11.062,9.652
14.166,8.846
18.993,7.831
25.021,11.672
28.030,6.171
35.129,1.683
39.288,0.413
47.624,-0.801
62.186,-7.956
76.990,-6.450
80.040,-6.709
74.169,-10.022
68.796,0.708
53.439,5.422
48.078,1.808
44.796,-4.036
45.796,1.646
51.543,-2.377
54.157,-19.341
42.402,-42.262
46.649,-37.704
56.767,-28.031
59.925,-24.606
61.304,-22.982
63.658,-20.739
65.987,-19.541
67.235,-19.220
67.850,-19.306
72.853,-16.617
73.850,-13.135
63.895,-13.137
55.914,-17.117
40.483,-20.338
21.474,-11.399
5.949,2.745
5.863,4.891
7.863,6.832
0.719,1.272
-13.048,11.048
-14.268,16.672
-15.633,19.294
-17.665,20.008
-14.671,17.303
-23.556,18.402
-26.211,22.898
-31.768,28.640
-39.133,29.766
-44.235,22.766
-44.952,19.168
-43.778,17.746
-41.737,21.795
-43.958,24.008
-42.910,24.008
-38.885,24.314
-36.043,26.628
-35.693,25.646
-32.939,27.330
-10.717,29.694
-9.675,30.128
-34.109,25.282
-32.342,30.926
-30.937,33.191
-32.463,32.338
-34.942,30.113
-33.959,28.866
-37.051,25.571
-42.042,23.342
-44.101,21.992
-42.120,24.048
-41.331,25.187
-40.496,24.493
-37.374,26.359
-31.000,31.825
-34.896,28.599
-38.697,21.307
-38.138,14.495
-34.433,11.881
-32.710,6.285
-29.191,2.468
-25.121,2.508
-18.843,6.006
-10.182,10.068
-8.155,8.735
-8.700,8.219
-8.499,6.161
-6.435,0.988
0.433,1.908
8.205,3.046
14.668,4.642
31.643,-6.738
40.200,-2.905
46.346,-4.779
51.421,-4.022
53.191,-8.626
57.381,-16.155
63.367,-16.909
68.499,-13.051
72.862,-13.149
72.828,-16.934
75.706,-13.835
72.958,-9.727
65.047,-10.706
59.111,-12.762
58.426,-14.160
57.605,-17.629
57.423,-22.509
52.623,-27.128
34.909,-39.634
47.047,-32.179
53.050,-28.599
53.594,-29.409
57.205,-26.625
61.175,-25.371
65.701,-22.773
70.268,-19.220
74.181,-15.796
73.369,-15.347
70.249,-14.638
66.753,-13.816
55.389,-18.621
37.215,-9.337
22.282,-0.660
23.401,4.844
28.084,3.573
13.972,9.919
2.750,13.421
-4.653,2.675
-10.022,-0.787
-13.217,5.052
-19.785,8.624
-22.869,7.629
-25.342,10.239
-28.572,14.848
-35.422,23.007
-36.303,13.968
-37.935,17.453
-38.940,22.253
-39.814,27.523
-41.487,30.326
-45.197,27.291
-46.069,25.048
-41.418,27.731
-35.584,33.512
-37.443,30.219
-38.906,27.724
-38.379,27.775
-35.111,33.512
-35.843,31.591
-15.479,30.658
-12.676,28.515
-43.649,11.679
-34.661,19.596
-30.928,31.813
-28.298,39.827
-32.442,36.391
-39.455,26.801
-40.601,20.647
-35.933,23.389
-34.230,28.438
-34.722,32.530
-36.921,32.438
-35.377,30.098
-34.176,28.738
-35.344,27.117
-33.695,25.968
-29.742,24.033
-21.570,19.768
-17.426,20.517
-17.639,20.319
-19.204,19.608
-21.610,18.693
-18.943,16.514
-13.531,14.530
-11.620,13.516
-11.063,14.502
-10.305,13.093
-9.664,10.580
-6.629,11.923
-1.309,14.499
3.261,11.345
10.008,9.786
20.964,2.307
29.884,5.553
39.174,0.061
67.483,-2.703
80.416,-3.486
78.268,-11.293
66.141,-18.219
58.511,-19.095
56.563,-17.645
52.960,-12.571
51.091,-10.602
48.879,-8.840
43.754,-18.462
42.166,-34.004
31.598,-44.994
38.311,-40.364
61.354,-27.000
61.113,-28.017
63.483,-26.207
65.932,-23.060
67.577,-21.022
67.670,-21.062
67.836,-21.491
67.475,-22.424
67.978,-21.795
67.976,-21.379
63.530,-21.939
56.292,-23.014
46.710,-21.961
41.274,-18.664
40.014,-16.719
39.573,-15.109
31.789,-9.920
12.629,-3.057
3.045,-1.966
1.234,3.327
-0.181,0.905
2.870,2.498
-0.529,14.976
-11.353,26.888
-19.769,24.441
-22.010,14.229
-27.681,11.722
-33.898,8.768
-41.285,12.941
-42.163,23.086
-36.202,24.130
-37.429,23.897
-39.069,22.603
-41.275,21.727
-46.046,22.281
-48.092,21.827
-41.928,27.133
-33.569,34.868
-27.988,35.998
-27.942,37.213
-29.935,30.338
-27.590,33.236
-3.655,40.063
-0.712,33.518
-28.180,23.663
-34.795,19.890
-34.844,24.140
-32.031,31.178
-28.268,34.897
-32.108,34.239